PETREL: Properties
4
i_index unit1 scale1
j_index unit1 scale1
k_index unit1 scale1
P-wave unit1 scale1
40 1 80 3.250056 
120 1 80 3.040168 
40 1 79 3.460078 
120 1 79 3.226211 
40 1 78 3.500148 
120 1 78 3.128966 
40 1 77 3.306879 
120 1 77 3.088542 
40 1 76 3.525188 
120 1 76 3.164206 
40 1 75 3.305282 
120 1 75 3.224827 
40 1 74 3.527815 
120 1 74 3.096371 
40 1 73 3.541825 
120 1 73 3.384941 
40 1 72 3.408670 
120 1 72 3.319518 
40 1 71 3.390519 
120 1 71 2.515891 
40 1 70 3.306854 
120 1 70 2.739955 
40 1 69 3.405704 
120 1 69 2.646006 
40 1 68 3.306036 
120 1 68 2.540563 
40 1 67 3.372056 
120 1 67 2.631057 
40 1 66 3.464578 
120 1 66 2.702573 
40 1 65 3.362274 
120 1 65 2.760712 
40 1 64 3.180487 
120 1 64 2.583598 
40 1 63 3.272798 
120 1 63 2.596633 
40 1 62 3.379630 
120 1 62 2.626091 
40 1 61 3.315716 
120 1 61 2.503199 
40 1 60 3.379189 
120 1 60 2.654388 
40 1 59 3.185082 
120 1 59 2.534563 
40 1 58 3.338943 
120 1 58 2.650969 
40 1 57 3.032088 
120 1 57 2.520426 
40 1 56 3.081366 
120 1 56 2.743868 
40 1 55 3.115974 
120 1 55 2.682003 
40 1 54 3.246248 
120 1 54 2.802845 
40 1 53 3.116219 
120 1 53 2.578648 
40 1 52 3.400908 
120 1 52 3.331160 
40 1 51 3.398252 
120 1 51 3.170456 
40 1 50 2.511904 
120 1 50 3.185005 
40 1 49 2.535425 
120 1 49 3.483994 
40 1 48 2.501282 
120 1 48 3.355942 
40 1 47 2.560196 
120 1 47 3.391124 
40 1 46 2.523523 
120 1 46 3.383310 
40 1 45 2.570640 
120 1 45 2.766472 
40 1 44 2.510968 
120 1 44 2.847326 
40 1 43 2.493641 
120 1 43 2.937881 
40 1 42 2.441079 
120 1 42 2.762801 
40 1 41 2.577621 
120 1 41 2.826033 
40 1 40 2.473077 
120 1 40 2.828219 
40 1 39 2.565788 
120 1 39 2.824549 
40 1 38 3.521017 
120 1 38 2.573048 
40 1 37 3.239583 
120 1 37 2.463993 
40 1 36 3.246825 
120 1 36 2.624499 
40 1 35 3.377348 
120 1 35 2.586707 
40 1 34 3.197564 
120 1 34 2.633513 
40 1 33 3.241803 
120 1 33 2.717291 
40 1 32 3.282109 
120 1 32 2.530500 
40 1 31 3.363299 
120 1 31 2.546714 
40 1 30 3.262932 
120 1 30 2.637523 
40 1 29 3.280339 
120 1 29 2.445096 
40 1 28 3.268130 
120 1 28 3.550758 
40 1 27 3.148879 
120 1 27 3.498714 
40 1 26 3.300562 
120 1 26 3.463393 
40 1 25 3.311676 
120 1 25 3.485423 
40 1 24 3.211040 
120 1 24 3.417087 
40 1 23 3.284254 
120 1 23 3.279836 
40 1 22 3.338763 
120 1 22 3.275208 
40 1 21 3.193246 
120 1 21 3.180100 
40 1 20 3.346853 
120 1 20 3.090685 
40 1 19 3.369118 
120 1 19 3.258957 
40 1 18 2.523845 
120 1 18 3.159809 
40 1 17 2.502554 
120 1 17 3.366850 
40 1 16 2.536565 
120 1 16 3.216038 
40 1 15 2.426276 
120 1 15 3.221447 
40 1 14 2.479884 
120 1 14 3.213822 
40 1 13 2.460912 
120 1 13 3.217139 
40 1 12 2.510868 
120 1 12 3.134517 
40 1 11 2.497521 
120 1 11 3.147944 
40 1 10 2.491785 
120 1 10 3.144589 
40 1 9 2.490309 
120 1 9 3.147213 
40 1 8 2.562601 
120 1 8 3.343219 
40 1 7 2.546019 
120 1 7 3.321792 
40 1 6 2.522178 
120 1 6 3.387313 
40 1 5 2.592746 
120 1 5 3.285236 
40 1 4 2.552758 
120 1 4 3.510166 
40 1 3 2.530108 
120 1 3 3.340287 
40 1 2 2.480194 
120 1 2 3.453460 
40 1 1 2.519232 
120 1 1 3.436551 
