PETREL: Properties
4
i_index unit1 scale1
j_index unit1 scale1
k_index unit1 scale1
density unit1 scale1
40 1 80 2.379229 
120 1 80 2.366748 
40 1 79 2.427364 
120 1 79 2.394222 
40 1 78 2.422683 
120 1 78 2.383928 
40 1 77 2.418416 
120 1 77 2.378325 
40 1 76 2.433954 
120 1 76 2.368695 
40 1 75 2.400723 
120 1 75 2.395656 
40 1 74 2.438708 
120 1 74 2.386252 
40 1 73 2.435838 
120 1 73 2.410714 
40 1 72 2.433991 
120 1 72 2.410590 
40 1 71 2.417996 
120 1 71 2.122381 
40 1 70 2.411875 
120 1 70 2.186134 
40 1 69 2.421025 
120 1 69 2.183045 
40 1 68 2.411820 
120 1 68 2.129976 
40 1 67 2.411374 
120 1 67 2.166748 
40 1 66 2.427991 
120 1 66 2.206465 
40 1 65 2.426515 
120 1 65 2.234381 
40 1 64 2.369158 
120 1 64 2.159112 
40 1 63 2.388516 
120 1 63 2.162791 
40 1 62 2.410012 
120 1 62 2.156480 
40 1 61 2.414150 
120 1 61 2.125120 
40 1 60 2.430069 
120 1 60 2.178298 
40 1 59 2.388697 
120 1 59 2.141620 
40 1 58 2.394041 
120 1 58 2.173220 
40 1 57 2.348633 
120 1 57 2.130516 
40 1 56 2.359787 
120 1 56 2.199749 
40 1 55 2.370406 
120 1 55 2.208633 
40 1 54 2.395187 
120 1 54 2.222119 
40 1 53 2.362591 
120 1 53 2.173877 
40 1 52 2.408475 
120 1 52 2.394653 
40 1 51 2.429089 
120 1 51 2.379201 
40 1 50 2.111772 
120 1 50 2.397444 
40 1 49 2.123675 
120 1 49 2.420310 
40 1 48 2.116948 
120 1 48 2.420593 
40 1 47 2.136214 
120 1 47 2.407615 
40 1 46 2.129689 
120 1 46 2.418321 
40 1 45 2.119872 
120 1 45 2.224199 
40 1 44 2.118773 
120 1 44 2.245947 
40 1 43 2.097975 
120 1 43 2.266814 
40 1 42 2.095220 
120 1 42 2.230174 
40 1 41 2.137806 
120 1 41 2.229762 
40 1 40 2.113006 
120 1 40 2.230556 
40 1 39 2.117484 
120 1 39 2.231955 
40 1 38 2.443312 
120 1 38 2.127243 
40 1 37 2.384323 
120 1 37 2.105043 
40 1 36 2.389435 
120 1 36 2.155155 
40 1 35 2.430018 
120 1 35 2.142812 
40 1 34 2.384705 
120 1 34 2.173018 
40 1 33 2.397638 
120 1 33 2.192468 
40 1 32 2.406502 
120 1 32 2.149065 
40 1 31 2.421880 
120 1 31 2.121157 
40 1 30 2.401919 
120 1 30 2.161814 
40 1 29 2.387218 
120 1 29 2.112091 
40 1 28 2.406731 
120 1 28 2.444947 
40 1 27 2.377967 
120 1 27 2.449174 
40 1 26 2.397151 
120 1 26 2.424081 
40 1 25 2.410800 
120 1 25 2.430347 
40 1 24 2.386941 
120 1 24 2.422720 
40 1 23 2.401302 
120 1 23 2.402606 
40 1 22 2.408092 
120 1 22 2.415292 
40 1 21 2.379600 
120 1 21 2.375994 
40 1 20 2.424458 
120 1 20 2.367705 
40 1 19 2.408470 
120 1 19 2.385479 
40 1 18 2.124851 
120 1 18 2.389629 
40 1 17 2.094547 
120 1 17 2.414370 
40 1 16 2.102766 
120 1 16 2.390932 
40 1 15 2.086427 
120 1 15 2.393809 
40 1 14 2.104755 
120 1 14 2.394423 
40 1 13 2.105479 
120 1 13 2.395821 
40 1 12 2.107918 
120 1 12 2.385154 
40 1 11 2.117064 
120 1 11 2.386629 
40 1 10 2.079951 
120 1 10 2.359932 
40 1 9 2.129495 
120 1 9 2.381772 
40 1 8 2.114246 
120 1 8 2.413839 
40 1 7 2.135882 
120 1 7 2.407977 
40 1 6 2.091735 
120 1 6 2.408251 
40 1 5 2.129764 
120 1 5 2.400099 
40 1 4 2.133828 
120 1 4 2.435525 
40 1 3 2.137494 
120 1 3 2.412873 
40 1 2 2.105195 
120 1 2 2.421553 
40 1 1 2.126683 
120 1 1 2.430258 
