PETREL:Property
1
 Seismic_r_2         
  0.4468232    
  0.6344430    
  0.5679017    
  0.8039948    
  0.5396250    
  0.5881121    
  0.7266880    
  0.7239665    
  0.6224253    
  0.4689913    
  0.7297707    
  0.4924295    
 -0.1324349    
 -0.4340033    
 -0.5297732    
 -0.4928163    
  0.7377989    
  0.6851684    
  0.7432473    
  0.7351272    
  0.8240006    
  0.8310795    
  0.8544599    
  0.7968431    
  0.6342922    
  0.6873043    
  0.6891987    
  0.7033339    
  0.6483214    
  0.3964976    
  0.4586077    
  0.4159066    
  0.5811269    
  0.6514714    
  0.7402554    
  0.8443899    
  0.9346376    
  0.9681193    
  0.9473580    
  0.8911264    
  0.4111062    
  0.2600588    
  3.5161577E-02
 -0.1486515    
 -0.5353866    
 -0.6293676    
 -0.6587238    
 -0.5712403    
 -0.4185176    
 -0.5216136    
 -0.3735820    
 -0.2709120    
  0.4733572    
  0.5243375    
  0.6290150    
  0.6375063    
  0.8435956    
  0.8695619    
  0.8714598    
  0.8235461    
  0.7705650    
  0.6558195    
  0.6970282    
  0.8528678    
  0.7685363    
  0.8104178    
  0.8701663    
  0.8399546    
  0.5973089    
  0.4577579    
  0.1893520    
  0.1226248    
  0.2672699    
  0.3190442    
  0.2510449    
  0.3064108    
  0.7051558    
  0.6780827    
  0.6928045    
  0.6700664    
  0.3161106    
  0.1565977    
  9.6475683E-02
  0.2080946    
  6.6144049E-02
  6.0826011E-02
  1.4861361E-02
  2.4502475E-02
  0.4801761    
  0.3377369    
  6.1906103E-02
 -6.1131310E-02
  1.2582292E-02
  0.5156837    
  0.5785619    
  0.2480085    
  2.6057413E-02
 -6.7300215E-02
  7.6023959E-02
  0.1970234    
  0.5811058    
  0.4867583    
  0.4141335    
  0.4572621    
  0.4107970    
  0.4276318    
  0.5027764    
  0.4779681    
  0.6056026    
  0.5973012    
  0.6683012    
  0.6477912    
  0.8763377    
  0.8904206    
  0.8779951    
  0.7924934    
  0.9952575    
  0.9922214    
  0.9845216    
  0.9901416    
  0.6943426    
  0.7053428    
  0.6106501    
  0.5813497    
  0.5640054    
  0.6529285    
  0.6532223    
  0.6790698    
 -0.2639266    
 -0.2760880    
 -0.2389382    
  1.0015322E-02
  0.2982265    
  0.2924948    
  0.6003118    
  0.6842330    
  0.2239656    
 -0.2218077    
 -0.1177923    
 -0.1273760    
  0.2136780    
  0.5718897    
  0.7615724    
  0.7829146    
  0.8496175    
  0.8862927    
  0.8712429    
  0.8590170    
  0.8558753    
  0.8847472    
