           1   1008.721       1.031250       1.000000    
           2   1072.253       1.234375       1.000000    
           3   1053.669       1.468750       1.000000    
           4   937.4144       1.687500       1.000000    
           5   998.1760       1.890625       1.000000    
           6   1008.524       2.093750       1.000000    
           7   1067.624       2.312500       1.000000    
           8   943.8570       2.515625       1.000000    
           9   1007.999       2.718750       1.000000    
          10   1003.494       2.921875       1.000000    
          11   1008.420       3.140625       1.000000    
          12   1035.834       3.343750       1.000000    
          13   943.2393       3.546875       1.000000    
          14   1021.421       3.765625       1.000000    
          15   998.5735       3.968750       1.000000    
          16   955.6879       4.187500       1.000000    
          17   1038.219       4.390625       1.000000    
          18   1051.023       4.593750       1.000000    
          19   1006.775       4.812500       1.000000    
          20   966.8049       5.015625       1.000000    
          21   1045.996       5.218750       1.000000    
          22   1070.281       5.421875       1.000000    
          23   1074.078       5.640625       1.000000    
          24   1025.582       5.859375       1.000000    
          25   984.8383       6.078125       1.000000    
          26   1047.802       6.281250       1.000000    
          27   1042.810       6.500000       1.000000    
          28   1023.232       6.703125       1.000000    
          29   1035.120       6.906250       1.000000    
          30   995.5864       7.125000       1.000000    
          31   1076.008       7.328125       1.000000    
          32   1066.430       7.515625       1.000000    
          33   1096.379       7.734375       1.000000    
          34   1058.556       7.937500       1.000000    
          35   1026.028       8.140625       1.000000    
          36   1068.225       8.359375       1.000000    
          37   1092.063       8.562500       1.000000    
          38   1105.857       8.765625       1.000000    
          39   1054.758       8.984375       1.000000    
          40   1030.389       9.187500       1.000000    
          41   1078.409       9.390625       1.000000    
          42   1132.070       9.609375       1.000000    
          43   1135.750       9.812500       1.000000    
          44   1065.529       10.01562       1.000000    
          45   1052.198       10.21875       1.000000    
          46   1073.621       10.43750       1.000000    
          47   1096.494       10.64062       1.000000    
          48   1088.717       10.84375       1.000000    
          49   1070.785       11.06250       1.000000    
          50   1061.091       11.26562       1.000000    
          51   1455.324       11.96875      0.9000000    
          52   1454.681       12.17188      0.9000000    
          53   1453.547       12.37500      0.9000000    
          54   1453.547       12.59375      0.9000000    
          55   1452.089       12.79688      0.9000000    
          56   1460.303       13.03125      0.9000000    
          57   1454.718       13.23438      0.9000000    
          58   1456.189       13.42188      0.9000000    
          59   1458.450       13.64062      0.9000000    
          60   1443.549       13.85938      0.9000000    
          61   1441.863       14.07812      0.9000000    
          62   1441.863       14.28125      0.9000000    
          63   1441.333       14.48438      0.9000000    
          64   1441.189       14.70312      0.9000000    
          65   1439.120       14.90625      0.9000000    
          66   1439.120       15.10938      0.9000000    
          67   1439.448       15.31250      0.9000000    
          68   1439.341       15.53125      0.9000000    
          69   1415.636       15.73438      0.9000000    
          70   1405.788       15.93750      0.9000000    
          71   1405.788       16.15625      0.9000000    
          72   1405.865       16.35938      0.9000000    
          73   1403.779       16.56250      0.9000000    
          74   1395.033       16.78125      0.9000000    
          75   1395.033       16.98438      0.9000000    
          76   1395.033       17.18750      0.9000000    
          77   1392.666       17.39062      0.9000000    
          78   1388.235       17.60938      0.9000000    
          79   1388.166       17.81250      0.9000000    
          80   1387.271       18.03125      0.9000000    
          81   1371.823       18.23438      0.9000000    
          82   1367.106       18.43750      0.9000000    
          83   1365.239       18.65625      0.9000000    
          84   1363.790       18.85938      0.9000000    
          85   1363.942       19.06250      0.9000000    
          86   1364.244       19.26562      0.9000000    
          87   1363.760       19.48438      0.9000000    
          88   1363.513       19.68750      0.9000000    
          89   1361.975       19.89062      0.9000000    
          90   1361.959       20.10938      0.9000000    
          91   1361.959       20.31250      0.9000000    
          92   1355.644       20.53125      0.9000000    
          93   1358.333       20.75000      0.9000000    
          94   1357.385       20.95312      0.9000000    
          95   1352.917       21.14062      0.9000000    
          96   1348.664       21.35938      0.9000000    
          97   1345.403       21.56250      0.9000000    
          98   1344.967       21.76562      0.9000000    
          99   1344.967       21.96875      0.9000000    
         100   1340.811       22.18750      0.9000000    
         101   1013.398       22.87500      0.8099999    
         102   1013.398       23.09375      0.8099999    
         103   1016.345       23.29688      0.8099999    
         104   1015.662       23.50000      0.8099999    
         105   1018.408       23.70312      0.8099999    
         106   1010.818       23.90625      0.8099999    
         107   1010.818       24.12500      0.8099999    
         108   1009.325       24.32812      0.8099999    
         109   1010.265       24.54688      0.8099999    
         110   1009.031       24.75000      0.8099999    
         111   1009.547       24.95312      0.8099999    
         112   1009.826       25.17188      0.8099999    
         113   1007.603       25.37500      0.8099999    
         114   999.0934       25.59375      0.8099999    
         115   997.8755       25.79688      0.8099999    
         116   999.5186       26.00000      0.8099999    
         117   999.5364       26.18750      0.8099999    
         118   998.9050       26.42188      0.8099999    
         119   1000.523       26.62500      0.8099999    
         120   1002.581       26.82812      0.8099999    
         121   1001.379       27.04688      0.8099999    
         122   1002.485       27.25000      0.8099999    
         123   1005.880       27.46875      0.8099999    
         124   1005.880       27.67188      0.8099999    
         125   1003.628       27.87500      0.8099999    
         126   1006.123       28.09375      0.8099999    
         127   998.5850       28.29688      0.8099999    
         128   998.5850       28.50000      0.8099999    
         129   998.5850       28.71875      0.8099999    
         130   996.8651       28.92188      0.8099999    
         131   996.6926       29.12500      0.8099999    
         132   994.3544       29.34375      0.8099999    
         133   994.3544       29.54688      0.8099999    
         134   993.4849       29.75000      0.8099999    
         135   993.4849       29.96875      0.8099999    
         136   994.6768       30.17188      0.8099999    
         137   998.7078       30.37500      0.8099999    
         138   998.7078       30.57812      0.8099999    
         139   998.0059       30.79688      0.8099999    
         140   998.8577       31.00000      0.8099999    
         141   997.3810       31.20312      0.8099999    
         142   997.2462       31.43750      0.8099999    
         143   997.5598       31.65625      0.8099999    
         144   1000.846       31.85938      0.8099999    
         145   1001.623       32.06250      0.8099999    
         146   999.3516       32.26562      0.8099999    
         147   953.8581       32.98438      0.7289999    
         148   947.8237       33.18750      0.7289999    
         149   947.8237       33.39062      0.7289999    
         150   947.6227       33.59375      0.7289999    
         151   947.1270       33.81250      0.7289999    
         152   947.1270       34.01562      0.7289999    
         153   946.5021       34.23438      0.7289999    
         154   945.0781       34.43750      0.7289999    
         155   945.9954       34.65625      0.7289999    
         156   945.9954       34.85938      0.7289999    
         157   944.6920       35.07812      0.7289999    
         158   944.0309       35.28125      0.7289999    
         159   944.1740       35.48438      0.7289999    
         160   940.2009       35.68750      0.7289999    
         161   939.9083       35.90625      0.7289999    
         162   939.9083       36.10938      0.7289999    
         163   939.9083       36.29688      0.7289999    
         164   938.9145       36.51562      0.7289999    
         165   938.9145       36.71875      0.7289999    
         166   938.9145       36.92188      0.7289999    
         167   943.2200       37.14062      0.7289999    
         168   943.2200       37.34375      0.7289999    
         169   947.7452       37.54688      0.7289999    
         170   947.7452       37.76562      0.7289999    
         171   947.7452       37.96875      0.7289999    
         172   950.0838       38.17188      0.7289999    
         173   950.0838       38.37500      0.7289999    
         174   948.8083       38.57812      0.7289999    
         175   948.8083       38.79688      0.7289999    
         176   956.4631       39.00000      0.7289999    
         177   956.4631       39.21875      0.7289999    
         178   956.4631       39.42188      0.7289999    
         179   956.2510       39.62500      0.7289999    
         180   953.1776       39.82812      0.7289999    
         181   949.5271       40.03125      0.7289999    
         182   949.6861       40.25000      0.7289999    
         183   954.2764       40.45312      0.7289999    
         184   954.2764       40.65625      0.7289999    
         185   924.0213       41.35938      0.6560999    
         186   923.8642       41.56250      0.6560999    
         187   923.8642       41.78125      0.6560999    
         188   923.8642       41.98438      0.6560999    
         189   925.0807       42.20312      0.6560999    
