           1         109           1          29           1
           1         109           1          69           2
           1         109           1           9           1
           1         109           1          49           2
           1         125           1           5           1
           1         125           1          21           1
           1         125           1          69           1
           1         125           1          49           1
           1          29           1          17           1
           1          29           1           1           2
           1          29           1          41           2
           1          29           1          77           1
           1          29           1          61           1
           1          41           1          41           1
           1          41           1          13           1
           1          41           1          69           1
           1          93           1          41           2
           1          93           1           9           1
           1          93           1          65           2
           1          93           1          25           1
           1          53           1          37           2
           1          53           1           1           2
           1          53           1          61           2
           1          53           1          17           1
           1          53           1          77           1
           1          81           1          17           1
           1          81           1          37           1
           1          81           1           1           2
           1          81           1          73           2
           1          81           1          57           2
           1         145           1          17           1
           1         145           1           1           2
           1         145           1          49           1
           1         145           1          69           1
           1         149           1          33           1
           1          65           1          25           2
           1          65           1          77           1
           1          65           1          41           2
           1          65           1          57           1
           1          65           1           1           1
           1          13           1          65           2
           1          13           1           9           1
           1          13           1          25           2
           1          13           1          49           2
           1         137           1          33           1
           1           1           1          17           1
           1           1           1          57           2
           1           1           1          77           1
           1           1           1          41           1
           1           1           1           1           1
           2         121           1          37           2
           2         121           1          77           1
           2         121           1          21           1
           2         121           1          61           2
           2         121           1           1           1
           2          41           1          33           1
           2          41           1          69           1
           2          41           1          13           1
           2          41           1          49           2
           2         109           1          49           1
           2         109           1          73           1
           2         109           1          29           1
           2         109           1           1           1
           2          29           1          77           1
           2          29           1           1           2
           2          29           1          17           1
           2          29           1          57           1
           2          29           1          41           2
           2           9           1          61           1
           2           9           1          21           1
           2           9           1          41           1
           2           9           1          77           1
           2           9           1           5           1
           2          81           1          17           1
           2          81           1          41           2
           2          81           1          69           2
           2          81           1           1           1
           2          65           1          73           2
           2          65           1          29           1
           2          65           1           9           1
           2          65           1          53           1
           2          53           1          37           1
           2          53           1          53           1
           2          53           1           1           1
           2          53           1          21           1
           2          53           1          73           2
           2          93           1           1           1
           2          93           1          21           1
           2          93           1          57           1
           2          93           1          41           2
           2          93           1          73           2
           2         133           1          53           1
           2         133           1          33           2
           2         133           1           5           1
           2         133           1          77           1
           2         149           1          17           1
           2         149           1          61           1
           2         149           1           1           1
           2         149           1          33           1
           2         149           1          77           1
           3         113           1          65           2
           3         113           1          25           1
           3         113           1           9           1
           3         113           1          41           2
           3          33           1          33           1
           3          33           1          17           1
           3          33           1          65           1
           3          33           1           1           2
           3          33           1          49           1
           3         125           1          45           1
           3         125           1          65           1
           3         125           1           1           1
           3         125           1          17           1
           3          45           1          21           1
           3          45           1          77           1
           3          45           1          53           1
           3          45           1           1           1
           3          45           1          37           1
           3         101           1          13           1
           3         101           1          73           1
           3         101           1          33           1
           3         101           1          57           1
           3           5           1          29           2
           3           5           1          65           1
           3           5           1          49           2
           3           5           1           9           1
           3          89           1          33           1
           3          89           1          57           2
           3          89           1           5           1
           3          89           1          73           2
           3         141           1          69           1
           3         141           1          53           1
           3         141           1          29           1
           3         141           1           9           1
           3          69           1          37           1
           3          69           1           9           1
           3          69           1          77           2
           3          69           1          61           1
           3          21           1          69           1
           3          21           1          13           2
           3          21           1          53           1
           3          21           1          33           1
           3          57           1          37           1
           3          57           1          61           1
           3          57           1          13           1
           3          57           1          77           1
           4         113           1          13           1
           4         113           1          73           1
           4         113           1          45           2
           4         113           1          29           2
           4          45           1          77           1
           4          45           1          41           2
           4          45           1          17           2
           4          45           1          61           1
           4          45           1           1           2
           4         125           1          69           1
           4         125           1           1           1
           4         125           1          17           1
           4         125           1          33           1
           4         125           1          53           2
           4          29           1          45           2
           4          29           1          73           1
           4          29           1           9           1
           4          29           1          25           1
           4          65           1          13           1
           4          65           1          37           1
           4          65           1          53           1
           4          65           1          69           2
           4         145           1          29           2
           4         145           1          49           1
           4         145           1           9           1
           4         145           1          69           1
           4          85           1          25           1
           4          85           1           9           1
           4          85           1          65           2
           4          85           1          49           2
           4           9           1          49           2
           4           9           1          29           2
           4           9           1          69           1
           4           9           1          13           1
           4         101           1          49           2
           4         101           1          33           1
           4         101           1          69           1
           4         101           1           9           1
           5          41           1          49           1
           5          41           1          33           1
           5          41           1          17           2
           5          41           1          73           1
           5          41           1           1           2
