PETREL:Property
1
 Seismic_r_3         
  0.5617883    
  0.5447733    
  0.5761803    
  0.4041005    
  0.1502875    
  0.4112477    
  0.4995666    
  0.6721205    
  0.1115198    
  0.1035158    
 -1.7087026E-02
  0.2399080    
  0.7495133    
  0.6846932    
  0.6449255    
  0.5970311    
  0.7727038    
  0.7949544    
  0.7787465    
  0.8901917    
  0.8805566    
  0.9162648    
  0.9158983    
  0.8794044    
  0.8105665    
  0.8176219    
  0.7720897    
  0.8048704    
  0.7831908    
  0.6525488    
  0.7626970    
  0.7404380    
  0.4747615    
  0.6279063    
  0.7242920    
  0.7951409    
  0.9346376    
  0.9681193    
  0.9473580    
  0.8911264    
  0.8938942    
  0.8256698    
  0.7293081    
  0.6526859    
  0.1853004    
  0.1537865    
  0.1760943    
  0.1712372    
  0.1623458    
  0.2709914    
  0.1433848    
  7.7794537E-02
  1.4098868E-02
  0.1499723    
  0.1501526    
  0.1598306    
  0.6432289    
  0.5413578    
  0.4702041    
  0.3915551    
  0.5310649    
  0.5017008    
  0.5173941    
  0.6198915    
  0.8001173    
  0.8579527    
  0.9111322    
  0.8560443    
  0.6665384    
  0.5017318    
  0.2101985    
  0.1571488    
  0.1646260    
  0.2075898    
  0.1720774    
  0.1920760    
  0.7119337    
  0.7458591    
  0.7048810    
  0.7031228    
  0.5358457    
  0.3992691    
  0.3899381    
  0.5112125    
  0.5965989    
  0.6084760    
  0.6051968    
  0.6818775    
  0.7229468    
  0.7420226    
  0.6268540    
  0.5070264    
  0.2179002    
  8.3262198E-02
  2.2115912E-02
 -1.1315348E-02
  1.3283768E-02
 -1.3240776E-02
 -0.3146694    
 -0.4836162    
 -0.2423881    
 -0.1846931    
 -0.2029668    
 -0.2838310    
 -4.6204017E-03
  4.7342338E-02
  0.1129506    
  6.2519029E-02
  0.5276689    
  0.5024647    
  0.5591955    
  0.5536759    
  0.5091308    
  0.5524564    
  0.5105438    
  0.3918689    
  0.9952575    
  0.9922214    
  0.9845216    
  0.9901416    
  0.9228086    
  0.8934475    
  0.8422806    
  0.7389604    
  0.3627948    
  0.3154244    
  0.4170873    
  0.5925576    
 -0.6331742    
 -0.7443052    
 -0.4690945    
  0.3070817    
  0.4841201    
  0.1653001    
  0.6007159    
  0.5216427    
  0.4225204    
  0.5273557    
  0.3291027    
  5.1761001E-02
  0.3641425    
  0.6332195    
  0.6920730    
  0.7325233    
  0.9543495    
  0.9783910    
  0.9690978    
  0.9636437    
  0.9206145    
  0.9368597    
