PETREL:Property
1
 Seismic_r_1         
  0.3250917    
  0.4111054    
  0.3036704    
  0.3865882    
  3.9111752E-02
 -0.1880853    
 -0.1477035    
 -0.2472401    
 -0.1965210    
 -0.2443648    
 -1.0944834E-02
 -0.4370626    
 -0.8268819    
 -0.9386325    
 -0.9185493    
 -0.8165687    
  2.7134968E-02
  8.8902920E-02
  7.4828602E-02
  0.2350089    
  0.6875655    
  0.7821204    
  0.7398269    
  0.7365255    
  0.7424663    
  0.7059615    
  0.8452942    
  0.9106195    
  0.9460103    
  0.7356771    
  0.7750759    
  0.7427026    
  0.7951723    
  0.8277059    
  0.8906574    
  0.9161540    
  0.9346376    
  0.9681193    
  0.9473580    
  0.8911264    
 -5.7446901E-02
  2.2864798E-02
  9.6004270E-02
  8.3873831E-02
 -0.4743860    
 -0.5721648    
 -0.3781733    
 -0.3188314    
  5.9943084E-02
  5.0887942E-02
  9.3898997E-02
  0.1494234    
 -0.1252651    
 -0.1871013    
 -0.1386750    
 -3.6625173E-02
 -1.7855348E-02
  8.9513026E-02
  0.1722793    
  0.2216941    
 -3.0988298E-02
 -9.5114164E-02
 -0.1871847    
 -0.2860062    
  0.7321048    
  0.7001454    
  0.5991127    
  0.3825021    
 -7.2197248E-03
  9.2849828E-02
  0.3415942    
  0.3082747    
 -6.3017078E-02
 -8.7627731E-03
 -0.1034115    
 -8.1570223E-02
  0.4088500    
  0.3799212    
  0.4683256    
  0.4947592    
  0.3181023    
  0.1046760    
 -6.4646363E-02
 -4.5025595E-02
 -0.2077538    
 -0.2464033    
 -0.3033563    
 -0.2683945    
  0.4506010    
  0.3046250    
  5.9933212E-02
 -8.4500397E-03
  0.1090453    
  0.4857386    
  0.5221769    
  0.1849266    
 -0.1010690    
 -0.2203342    
 -0.5416125    
 -0.6969696    
 -0.2303364    
 -2.6679382E-02
  2.3744902E-02
 -2.9607402E-02
 -1.4484062E-02
  1.7368266E-02
 -1.9738667E-02
  3.6082666E-02
 -0.3895594    
 -0.4108168    
 -0.4633735    
 -0.4714379    
 -5.4230101E-02
 -9.7720928E-02
 -6.0814068E-02
 -5.8268126E-02
  0.9952575    
  0.9922214    
  0.9845216    
  0.9901416    
  0.8768388    
  0.7730994    
  0.6392644    
  0.4734231    
  0.1848307    
  0.4651872    
  0.5702113    
  0.4612075    
 -7.9303414E-02
 -8.0914617E-02
  4.9237050E-02
  0.1972578    
  0.1156633    
  2.9409667E-02
  0.1669454    
 -0.1199188    
 -0.1850476    
  7.2177738E-02
  0.3470917    
 -0.3742649    
 -2.6912129E-02
  0.1455396    
  0.1309320    
  0.1827311    
  0.3747840    
  0.4015398    
  0.4707859    
  0.4475287    
  0.2710765    
  0.2218438    
