PETREL:Property
1
 Seismic_r_4         
  0.3617485    
  0.3779118    
  0.4365632    
  0.3483989    
 -1.6678566E-02
  0.1904791    
  0.2767104    
  0.5050330    
 -1.9717567E-02
 -6.9787367E-03
 -0.1185796    
  0.1595179    
  0.7043189    
  0.6927132    
  0.6583747    
  0.6135477    
  0.8330837    
  0.7533639    
  0.8316930    
  0.7981566    
  0.7006180    
  0.7976158    
  0.7327057    
  0.7791889    
  0.7359320    
  0.6780583    
  0.8386126    
  0.9106683    
  0.8951870    
  0.7765551    
  0.8510017    
  0.8267971    
  0.7321092    
  0.8692517    
  0.9305844    
  0.9687875    
  0.9346376    
  0.9681193    
  0.9473580    
  0.8911264    
  0.7018753    
  0.5505348    
  0.3919531    
  0.3156793    
  0.5042754    
  0.5079009    
  0.5503017    
  0.5423824    
  0.3484150    
  0.4594436    
  0.3476994    
  0.3019630    
  0.3779427    
  0.4331011    
  0.3452862    
  0.2748954    
  0.3614114    
  0.1728660    
  4.7793262E-02
  2.2745728E-02
  0.7156574    
  0.7258710    
  0.7653158    
  0.8498060    
  0.6650522    
  0.6762077    
  0.6306254    
  0.6946018    
  0.6375942    
  0.6293352    
  0.4526337    
  0.4040624    
  2.1410754E-02
  7.5830072E-02
  7.3162914E-04
  5.1630411E-02
  0.7059421    
  0.7421955    
  0.6966539    
  0.7020671    
  0.5033601    
  0.4953519    
  0.5359459    
  0.6258712    
  0.5029780    
  0.5089319    
  0.4880124    
  0.4662095    
  0.6011715    
  0.4677023    
  0.1613313    
  4.8958812E-02
  7.7604644E-02
  0.2915407    
  0.2882441    
  2.5569884E-02
 -0.4400328    
 -0.4906812    
 -0.4908505    
 -0.2788610    
 -0.1160319    
 -1.6487358E-02
 -4.3218911E-02
 -8.4280625E-02
  0.7044985    
  0.7593325    
  0.8598318    
  0.7997653    
  0.8957270    
  0.8819345    
  0.9025236    
  0.9007826    
  0.6880423    
  0.6978834    
  0.6870898    
  0.6205178    
  0.9952575    
  0.9922214    
  0.9845216    
  0.9901416    
  0.9363223    
  0.9408636    
  0.9017468    
  0.7849998    
  0.7730815    
  0.7688840    
  0.8703253    
  0.8789456    
  0.1633165    
  0.1386828    
  0.2834399    
 -0.5727655    
  2.0073953E-03
  0.1792546    
 -0.2344902    
 -0.1361749    
  0.1899222    
  1.4614583E-02
  0.3011389    
 -2.7196653E-02
  0.3209224    
  0.7358404    
  0.8620273    
  0.8814628    
  0.5865131    
  0.5786204    
  0.5651665    
  0.5731525    
  0.8849975    
  0.8471725    
