PETREL:	Properties		
4			
i_index	unit1	scale1	
j_index	unit1	scale1	
k_index	unit1	scale1	
Facies  unit1 scale1
37	1	150	0
118	1	150	0
37	1	149	0
118	1	149	0
37	1	148	0
118	1	148	0
37	1	147	0
118	1	147	0
37	1	146	0
118	1	146	0
37	1	145	0
118	1	145	0
37	1	144	0
118	1	144	0
37	1	143	0
118	1	143	0
37	1	142	0
118	1	142	0
37	1	141	0
118	1	141	0
37	1	140	0
118	1	140	0
37	1	139	0
118	1	139	0
37	1	138	0
118	1	138	0
37	1	137	0
118	1	137	0
37	1	136	0
118	1	136	0
37	1	135	0
118	1	135	0
37	1	134	0
118	1	134	0
37	1	133	0
118	1	133	0
37	1	132	0
118	1	132	0
37	1	131	0
118	1	131	0
37	1	130	0
118	1	130	0
37	1	129	0
118	1	129	0
37	1	128	0
118	1	128	0
37	1	127	0
118	1	127	0
37	1	126	0
118	1	126	0
37	1	125	0
118	1	125	0
37	1	124	0
118	1	124	1
37	1	123	0
118	1	123	1
37	1	122	1
118	1	122	1
37	1	121	1
118	1	121	1
37	1	120	1
118	1	120	1
37	1	119	1
118	1	119	1
37	1	118	1
118	1	118	1
37	1	117	1
118	1	117	0
37	1	116	1
118	1	116	0
37	1	115	1
118	1	115	0
37	1	114	0
118	1	114	0
37	1	113	0
118	1	113	0
37	1	112	0
118	1	112	0
37	1	111	0
118	1	111	0
37	1	110	0
118	1	110	0
37	1	109	0
118	1	109	0
37	1	108	0
118	1	108	0
37	1	107	0
118	1	107	0
37	1	106	0
118	1	106	0
37	1	105	0
118	1	105	0
37	1	104	0
118	1	104	0
37	1	103	0
118	1	103	0
37	1	102	0
118	1	102	0
37	1	101	0
118	1	101	0
37	1	100	0
118	1	100	0
37	1	99	1
118	1	99	0
37	1	98	1
118	1	98	0
37	1	97	1
118	1	97	0
37	1	96	1
118	1	96	0
37	1	95	0
118	1	95	0
37	1	94	0
118	1	94	0
37	1	93	0
118	1	93	0
37	1	92	0
118	1	92	0
37	1	91	0
118	1	91	0
37	1	90	0
118	1	90	0
37	1	89	0
118	1	89	0
37	1	88	0
118	1	88	1
37	1	87	0
118	1	87	1
37	1	86	0
118	1	86	1
37	1	85	0
118	1	85	1
37	1	84	0
118	1	84	1
37	1	83	0
118	1	83	1
37	1	82	0
118	1	82	0
37	1	81	0
118	1	81	0
37	1	80	0
118	1	80	0
37	1	79	0
118	1	79	0
37	1	78	0
118	1	78	0
37	1	77	0
118	1	77	1
37	1	76	0
118	1	76	1
37	1	75	0
118	1	75	1
37	1	74	0
118	1	74	1
37	1	73	0
118	1	73	1
37	1	72	0
118	1	72	1
37	1	71	0
118	1	71	0
37	1	70	0
118	1	70	0
37	1	69	0
118	1	69	0
37	1	68	0
118	1	68	0
37	1	67	0
118	1	67	0
37	1	66	0
118	1	66	0
37	1	65	0
118	1	65	0
37	1	64	0
118	1	64	0
37	1	63	0
118	1	63	0
37	1	62	0
118	1	62	0
37	1	61	0
118	1	61	0
37	1	60	0
118	1	60	0
37	1	59	0
118	1	59	0
37	1	58	0
118	1	58	0
37	1	57	0
118	1	57	0
37	1	56	0
118	1	56	0
37	1	55	0
118	1	55	0
37	1	54	0
118	1	54	0
37	1	53	0
118	1	53	1
37	1	52	0
118	1	52	1
37	1	51	0
118	1	51	1
37	1	50	0
118	1	50	0
37	1	49	0
118	1	49	0
37	1	48	0
118	1	48	0
37	1	47	0
118	1	47	0
37	1	46	0
118	1	46	0
37	1	45	0
118	1	45	0
37	1	44	0
118	1	44	0
37	1	43	0
118	1	43	0
37	1	42	0
118	1	42	0
37	1	41	0
118	1	41	0
37	1	40	1
118	1	40	0
37	1	39	1
118	1	39	0
37	1	38	1
118	1	38	0
37	1	37	1
118	1	37	0
37	1	36	1
118	1	36	0
37	1	35	1
118	1	35	0
37	1	34	1
118	1	34	0
37	1	33	0
118	1	33	0
37	1	32	0
118	1	32	0
37	1	31	0
118	1	31	0
37	1	30	0
118	1	30	0
37	1	29	0
118	1	29	0
37	1	28	0
118	1	28	0
37	1	27	0
118	1	27	0
37	1	26	0
118	1	26	0
37	1	25	0
118	1	25	0
37	1	24	0
118	1	24	0
37	1	23	0
118	1	23	0
37	1	22	0
118	1	22	0
37	1	21	0
118	1	21	0
37	1	20	0
118	1	20	0
37	1	19	0
118	1	19	0
37	1	18	0
118	1	18	0
37	1	17	0
118	1	17	0
37	1	16	0
118	1	16	0
37	1	15	0
118	1	15	0
37	1	14	0
118	1	14	0
37	1	13	0
118	1	13	0
37	1	12	0
118	1	12	0
37	1	11	0
118	1	11	0
37	1	10	0
118	1	10	0
37	1	9	0
118	1	9	0
37	1	8	0
118	1	8	0
37	1	7	0
118	1	7	0
37	1	6	0
118	1	6	0
37	1	5	0
118	1	5	0
37	1	4	0
118	1	4	0
37	1	3	0
118	1	3	0
37	1	2	0
118	1	2	0
37	1	1	0
118	1	1	0