PETREL:	Properties		
4			
i_index	unit1	scale1	
j_index	unit1	scale1	
k_index	unit1	scale1	
Velocity  unit1 scale1
37	1	150	1179.7831
118	1	150	1228.51357
37	1	149	1180.02472
118	1	149	1210.15335
37	1	148	1198.00446
118	1	148	1193.21297
37	1	147	1211.82526
118	1	147	1206.8441
37	1	146	1205.644
118	1	146	1218.72818
37	1	145	1210.11383
118	1	145	1226.72745
37	1	144	1226.72287
118	1	144	1245.37834
37	1	143	1234.15268
118	1	143	1249.51225
37	1	142	1225.26131
118	1	142	1209.66866
37	1	141	1211.76956
118	1	141	1168.27324
37	1	140	1198.134
118	1	140	1169.79179
37	1	139	1190.67383
118	1	139	1195.5735
37	1	138	1206.02898
118	1	138	1218.72635
37	1	137	1221.85532
118	1	137	1217.37427
37	1	136	1207.21024
118	1	136	1220.64224
37	1	135	1180.04997
118	1	135	1206.29967
37	1	134	1175.56129
118	1	134	1196.9606
37	1	133	1194.8877
118	1	133	1214.9334
37	1	132	1223.82523
118	1	132	1223.7027
37	1	131	1240.55969
118	1	131	1206.99814
37	1	130	1229.37073
118	1	130	1184.2379
37	1	129	1213.56964
118	1	129	1160.15549
37	1	128	1227.26532
118	1	128	1153.81401
37	1	127	1242.90192
118	1	127	1181.52039
37	1	126	1231.92848
118	1	126	1204.13162
37	1	125	1214.09462
118	1	125	1200.04288
37	1	124	1197.07664
118	1	124	1157.48207
37	1	123	1175.09956
118	1	123	1129.0152
37	1	122	1148.57864
118	1	122	1133.52829
37	1	121	1124.31297
118	1	121	1155.7724
37	1	120	1124.34181
118	1	120	1164.65088
37	1	119	1148.89954
118	1	119	1157.31674
37	1	118	1164.21425
118	1	118	1145.83206
37	1	117	1161.95816
118	1	117	1143.00285
37	1	116	1170.45921
118	1	116	1142.34848
37	1	115	1185.40436
118	1	115	1147.78984
37	1	114	1187.44537
118	1	114	1188.66158
37	1	113	1187.44179
118	1	113	1219.7332
37	1	112	1190.02357
118	1	112	1187.9306
37	1	111	1191.11244
118	1	111	1147.39769
37	1	110	1202.00302
118	1	110	1172.7153
37	1	109	1224.90303
118	1	109	1208.2283
37	1	108	1254.83582
118	1	108	1218.02147
37	1	107	1258.65601
118	1	107	1221.78192
37	1	106	1222.49451
118	1	106	1226.28967
37	1	105	1187.30484
118	1	105	1228.10234
37	1	104	1185.62233
118	1	104	1216.41533
37	1	103	1191.04408
118	1	103	1214.33777
37	1	102	1193.55774
118	1	102	1232.55112
37	1	101	1200.27512
118	1	101	1240.19516
37	1	100	1186.01753
118	1	100	1235.95245
37	1	99	1164.84543
118	1	99	1230.33348
37	1	98	1168.43056
118	1	98	1209.57642
37	1	97	1179.74831
118	1	97	1187.84462
37	1	96	1178.69675
118	1	96	1179.29871
37	1	95	1181.11641
118	1	95	1191.55121
37	1	94	1176.52786
118	1	94	1191.7807
37	1	93	1178.08716
118	1	93	1190.17555
37	1	92	1198.89069
118	1	92	1191.29608
37	1	91	1213.38936
118	1	91	1196.82465
37	1	90	1205.34348
118	1	90	1177.98004
37	1	89	1193.0674
118	1	89	1150.924
37	1	88	1195.78934
118	1	88	1133.35411
37	1	87	1198.64105
118	1	87	1146.23032
37	1	86	1186.34972
118	1	86	1179.32709
37	1	85	1174.63516
118	1	85	1201.51184
37	1	84	1179.82834
118	1	84	1198.46931
37	1	83	1193.29132
118	1	83	1195.42496
37	1	82	1203.7458
118	1	82	1189.33571
37	1	81	1196.17973
118	1	81	1167.13776
37	1	80	1179.62532
118	1	80	1162.28195
37	1	79	1180.87273
118	1	79	1199.56184
37	1	78	1201.14449
118	1	78	1217.30873
37	1	77	1211.00449
118	1	77	1187.71812
37	1	76	1205.04028
118	1	76	1159.58588
37	1	75	1198.78693
118	1	75	1163.5527
37	1	74	1208.72772
118	1	74	1178.1926
37	1	73	1221.11229
118	1	73	1195.04799
37	1	72	1221.67358
118	1	72	1208.97934
37	1	71	1213.20435
118	1	71	1236.31142
37	1	70	1204.00719
118	1	70	1256.45981
37	1	69	1196.93108
118	1	69	1251.40862
37	1	68	1199.85329
118	1	68	1226.85097
37	1	67	1206.38908
118	1	67	1203.07907
37	1	66	1219.20563
118	1	66	1191.20232
37	1	65	1234.63364
118	1	65	1191.66176
37	1	64	1256.24214
118	1	64	1184.24362
37	1	63	1269.92226
118	1	63	1168.43529
37	1	62	1273.31749
118	1	62	1182.16446
37	1	61	1260.95245
118	1	61	1194.19044
37	1	60	1229.69345
118	1	60	1173.3326
37	1	59	1184.57581
118	1	59	1168.53737
37	1	58	1160.87379
118	1	58	1189.7229
37	1	57	1154.88419
118	1	57	1211.99356
37	1	56	1157.29744
118	1	56	1209.32693
37	1	55	1169.90059
118	1	55	1206.20071
37	1	54	1194.15146
118	1	54	1217.02545
37	1	53	1206.86729
118	1	53	1202.67494
37	1	52	1199.05121
118	1	52	1175.85739
37	1	51	1188.49648
118	1	51	1178.7619
37	1	50	1186.61072
118	1	50	1192.22679
37	1	49	1180.20721
118	1	49	1196.02959
37	1	48	1174.17801
118	1	48	1192.45224
37	1	47	1185.45128
118	1	47	1182.01241
37	1	46	1208.42743
118	1	46	1178.72864
37	1	45	1233.15842
118	1	45	1198.60283
37	1	44	1240.89661
118	1	44	1190.97427
37	1	43	1220.8744
118	1	43	1178.75946
37	1	42	1187.69737
118	1	42	1198.92311
37	1	41	1156.48254
118	1	41	1213.18642
37	1	40	1136.54709
118	1	40	1212.42523
37	1	39	1136.15944
118	1	39	1208.12157
37	1	38	1145.54871
118	1	38	1203.55293
37	1	37	1160.91415
118	1	37	1195.09239
37	1	36	1179.35249
118	1	36	1198.37334
37	1	35	1181.72829
118	1	35	1192.44217
37	1	34	1168.86703
118	1	34	1190.71266
37	1	33	1159.11125
118	1	33	1192.5489
37	1	32	1176.04713
118	1	32	1190.13565
37	1	31	1194.32594
118	1	31	1186.1451
37	1	30	1201.16806
118	1	30	1190.39696
37	1	29	1191.82335
118	1	29	1187.77931
37	1	28	1186.40945
118	1	28	1167.62962
37	1	27	1180.92644
118	1	27	1166.45767
37	1	26	1187.69173
118	1	26	1163.95943
37	1	25	1191.91513
118	1	25	1156.07574
37	1	24	1195.56458
118	1	24	1179.83231
37	1	23	1194.15382
118	1	23	1231.22688
37	1	22	1197.78976
118	1	22	1254.44687
37	1	21	1203.57872
118	1	21	1254.67003
37	1	20	1217.58247
118	1	20	1241.13571
37	1	19	1241.51947
118	1	19	1233.49747
37	1	18	1252.38907
118	1	18	1225.68184
37	1	17	1248.32695
118	1	17	1219.28329
37	1	16	1245.21935
118	1	16	1220.0074
37	1	15	1239.64455
118	1	15	1217.26768
37	1	14	1224.93019
118	1	14	1202.09114
37	1	13	1209.64424
118	1	13	1209.85298
37	1	12	1203.69713
118	1	12	1225.7058
37	1	11	1213.07884
118	1	11	1224.89326
37	1	10	1222.62299
118	1	10	1190.04402
37	1	9	1209.82948
118	1	9	1166.90788
37	1	8	1193.73489
118	1	8	1187.34764
37	1	7	1197.27242
118	1	7	1213.30177
37	1	6	1201.07986
118	1	6	1218.54698
37	1	5	1198.21976
118	1	5	1213.61115
37	1	4	1197.81677
118	1	4	1205.92987
37	1	3	1206.42754
118	1	3	1219.68025
37	1	2	1216.88522
118	1	2	1225.41451
37	1	1	1216.60736
118	1	1	1224.3158