PETREL:	Properties		
4			
i_index	unit1	scale1	
j_index	unit1	scale1	
k_index	unit1	scale1	
Density  unit1 scale1
37	1	150	2.289403
118	1	150	2.286994
37	1	149	2.281115
118	1	149	2.280066
37	1	148	2.264735
118	1	148	2.277848
37	1	147	2.2492
118	1	147	2.273627
37	1	146	2.235413
118	1	146	2.265053
37	1	145	2.22674
118	1	145	2.255519
37	1	144	2.225305
118	1	144	2.253355
37	1	143	2.222163
118	1	143	2.255064
37	1	142	2.219488
118	1	142	2.274017
37	1	141	2.226133
118	1	141	2.293716
37	1	140	2.237569
118	1	140	2.296382
37	1	139	2.253255
118	1	139	2.291911
37	1	138	2.270291
118	1	138	2.294506
37	1	137	2.272519
118	1	137	2.317263
37	1	136	2.29462
118	1	136	2.328984
37	1	135	2.339
118	1	135	2.332447
37	1	134	2.370225
118	1	134	2.309201
37	1	133	2.354864
118	1	133	2.273944
37	1	132	2.32387
118	1	132	2.272389
37	1	131	2.292133
118	1	131	2.301174
37	1	130	2.275141
118	1	130	2.324206
37	1	129	2.280859
118	1	129	2.334698
37	1	128	2.284726
118	1	128	2.345749
37	1	127	2.280767
118	1	127	2.344119
37	1	126	2.270554
118	1	126	2.338419
37	1	125	2.250933
118	1	125	2.297735
37	1	124	2.255612
118	1	124	2.223827
37	1	123	2.256602
118	1	123	2.171267
37	1	122	2.250068
118	1	122	2.159007
37	1	121	2.256389
118	1	121	2.15027
37	1	120	2.233212
118	1	120	2.123193
37	1	119	2.157264
118	1	119	2.108023
37	1	118	2.177733
118	1	118	2.120706
37	1	117	2.221518
118	1	117	2.173312
37	1	116	2.183081
118	1	116	2.182291
37	1	115	2.15448
118	1	115	2.178557
37	1	114	2.182761
118	1	114	2.198192
37	1	113	2.239614
118	1	113	2.261701
37	1	112	2.319911
118	1	112	2.252228
37	1	111	2.337602
118	1	111	2.212114
37	1	110	2.33716
118	1	110	2.193428
37	1	109	2.331377
118	1	109	2.240796
37	1	108	2.309603
118	1	108	2.264097
37	1	107	2.291699
118	1	107	2.273771
37	1	106	2.303285
118	1	106	2.269474
37	1	105	2.32541
118	1	105	2.273713
37	1	104	2.327078
118	1	104	2.284061
37	1	103	2.325505
118	1	103	2.292092
37	1	102	2.328123
118	1	102	2.282229
37	1	101	2.283232
118	1	101	2.266886
37	1	100	2.233783
118	1	100	2.262383
37	1	99	2.243848
118	1	99	2.278486
37	1	98	2.293402
118	1	98	2.303995
37	1	97	2.279702
118	1	97	2.313617
37	1	96	2.268099
118	1	96	2.305731
37	1	95	2.286685
118	1	95	2.309284
37	1	94	2.317296
118	1	94	2.31649
37	1	93	2.331998
118	1	93	2.317956
37	1	92	2.317847
118	1	92	2.312698
37	1	91	2.270231
118	1	91	2.30247
37	1	90	2.247422
118	1	90	2.296365
37	1	89	2.286075
118	1	89	2.280515
37	1	88	2.316372
118	1	88	2.249134
37	1	87	2.313225
118	1	87	2.218968
37	1	86	2.308567
118	1	86	2.188784
37	1	85	2.312075
118	1	85	2.194734
37	1	84	2.309461
118	1	84	2.232296
37	1	83	2.29896
118	1	83	2.260317
37	1	82	2.294149
118	1	82	2.270643
37	1	81	2.301507
118	1	81	2.315547
37	1	80	2.304198
118	1	80	2.31215
37	1	79	2.300675
118	1	79	2.285668
37	1	78	2.288263
118	1	78	2.27902
37	1	77	2.277699
118	1	77	2.288822
37	1	76	2.277272
118	1	76	2.285171
37	1	75	2.279083
118	1	75	2.268025
37	1	74	2.263613
118	1	74	2.268039
37	1	73	2.264251
118	1	73	2.262374
37	1	72	2.281094
118	1	72	2.238353
37	1	71	2.289169
118	1	71	2.219833
37	1	70	2.286331
118	1	70	2.219721
37	1	69	2.286439
118	1	69	2.223477
37	1	68	2.277594
118	1	68	2.232714
37	1	67	2.259781
118	1	67	2.264089
37	1	66	2.245691
118	1	66	2.293957
37	1	65	2.244473
118	1	65	2.304264
37	1	64	2.241076
118	1	64	2.300093
37	1	63	2.235595
118	1	63	2.294234
37	1	62	2.236262
118	1	62	2.286858
37	1	61	2.259191
118	1	61	2.250852
37	1	60	2.312052
118	1	60	2.187749
37	1	59	2.356426
118	1	59	2.184795
37	1	58	2.365099
118	1	58	2.245444
37	1	57	2.362361
118	1	57	2.282188
37	1	56	2.363367
118	1	56	2.291133
37	1	55	2.367845
118	1	55	2.308439
37	1	54	2.359267
118	1	54	2.30963
37	1	53	2.335623
118	1	53	2.311751
37	1	52	2.328475
118	1	52	2.325782
37	1	51	2.338469
118	1	51	2.313642
37	1	50	2.346201
118	1	50	2.305244
37	1	49	2.348506
118	1	49	2.307657
37	1	48	2.329837
118	1	48	2.304177
37	1	47	2.297797
118	1	47	2.306738
37	1	46	2.271747
118	1	46	2.310028
37	1	45	2.263847
118	1	45	2.299827
37	1	44	2.262735
118	1	44	2.300035
37	1	43	2.274666
118	1	43	2.304108
37	1	42	2.270483
118	1	42	2.30542
37	1	41	2.244902
118	1	41	2.306407
37	1	40	2.234545
118	1	40	2.291297
37	1	39	2.263413
118	1	39	2.280179
37	1	38	2.293562
118	1	38	2.288431
37	1	37	2.295113
118	1	37	2.29544
37	1	36	2.268512
118	1	36	2.295306
37	1	35	2.242833
118	1	35	2.30384
37	1	34	2.248375
118	1	34	2.303382
37	1	33	2.260728
118	1	33	2.308335
37	1	32	2.25467
118	1	32	2.322237
37	1	31	2.256335
118	1	31	2.334042
37	1	30	2.269873
118	1	30	2.328484
37	1	29	2.297228
118	1	29	2.325937
37	1	28	2.327716
118	1	28	2.337343
37	1	27	2.339369
118	1	27	2.35026
37	1	26	2.328272
118	1	26	2.358475
37	1	25	2.323423
118	1	25	2.366118
37	1	24	2.320245
118	1	24	2.333249
37	1	23	2.322032
118	1	23	2.268183
37	1	22	2.318816
118	1	22	2.21379
37	1	21	2.29665
118	1	21	2.20626
37	1	20	2.263772
118	1	20	2.206955
37	1	19	2.238245
118	1	19	2.207416
37	1	18	2.2316
118	1	18	2.214097
37	1	17	2.22977
118	1	17	2.238021
37	1	16	2.235233
118	1	16	2.26584
37	1	15	2.245572
118	1	15	2.276861
37	1	14	2.254977
118	1	14	2.282199
37	1	13	2.267555
118	1	13	2.276493
37	1	12	2.277829
118	1	12	2.267615
37	1	11	2.281112
118	1	11	2.2659
37	1	10	2.275357
118	1	10	2.29486
37	1	9	2.27554
118	1	9	2.327189
37	1	8	2.281654
118	1	8	2.322374
37	1	7	2.287389
118	1	7	2.299498
37	1	6	2.284084
118	1	6	2.294718
37	1	5	2.277541
118	1	5	2.295404
37	1	4	2.275171
118	1	4	2.308362
37	1	3	2.273999
118	1	3	2.305069
37	1	2	2.278918
118	1	2	2.281893
37	1	1	2.28254
118	1	1	2.265386