0
0
0
-1.45E-27
0
1.16E-26
-6.96E-26
9.28E-26
-7.43E-25
-1.49E-24
-5.94E-24
2.38E-23
9.51E-23
0
1.52E-21
0
1.22E-20
4.87E-20
-0.00239852
-0.00552379
-0.01194428
-0.02421765
-0.04596411
-0.08148236
-0.13451882
-0.2059651
-0.29073522
-0.37486125
-0.43462799
-0.4397435
-0.36151111
-0.18463733
0.08147146
0.39764777
0.70065553
0.91991418
1
0.91991418
0.70065553
0.39764777
0.08147146
-0.18463733
-0.36151111
-0.4397435
-0.43462799
-0.37486125
-0.29073522
-0.2059651
-0.13451882
-0.08148236
-0.04596411
-0.02421765
-0.01194428
-0.00552379
-0.00239852
0
-1.95E-19
0
0
0
-7.60E-22
3.80E-22
0
0
5.94E-24
0
-3.71E-25
0
0
0
-1.45E-27
0
0