PETREL: Properties
4
i_index unit1 scale1
j_index unit1 scale1
k_index unit1 scale1
facies unit1 scale1
40 1 80 0.000000 
120 1 80 0.000000 
40 1 79 0.000000 
120 1 79 0.000000 
40 1 78 0.000000 
120 1 78 0.000000 
40 1 77 0.000000 
120 1 77 0.000000 
40 1 76 0.000000 
120 1 76 0.000000 
40 1 75 0.000000 
120 1 75 0.000000 
40 1 74 0.000000 
120 1 74 0.000000 
40 1 73 0.000000 
120 1 73 0.000000 
40 1 72 0.000000 
120 1 72 0.000000 
40 1 71 0.000000 
120 1 71 1.000000 
40 1 70 0.000000 
120 1 70 1.000000 
40 1 69 0.000000 
120 1 69 1.000000 
40 1 68 0.000000 
120 1 68 1.000000 
40 1 67 0.000000 
120 1 67 1.000000 
40 1 66 0.000000 
120 1 66 1.000000 
40 1 65 0.000000 
120 1 65 1.000000 
40 1 64 0.000000 
120 1 64 1.000000 
40 1 63 0.000000 
120 1 63 1.000000 
40 1 62 0.000000 
120 1 62 1.000000 
40 1 61 0.000000 
120 1 61 1.000000 
40 1 60 0.000000 
120 1 60 1.000000 
40 1 59 0.000000 
120 1 59 1.000000 
40 1 58 0.000000 
120 1 58 1.000000 
40 1 57 0.000000 
120 1 57 1.000000 
40 1 56 0.000000 
120 1 56 1.000000 
40 1 55 0.000000 
120 1 55 1.000000 
40 1 54 0.000000 
120 1 54 1.000000 
40 1 53 0.000000 
120 1 53 1.000000 
40 1 52 0.000000 
120 1 52 0.000000 
40 1 51 0.000000 
120 1 51 0.000000 
40 1 50 1.000000 
120 1 50 0.000000 
40 1 49 1.000000 
120 1 49 0.000000 
40 1 48 1.000000 
120 1 48 0.000000 
40 1 47 1.000000 
120 1 47 0.000000 
40 1 46 1.000000 
120 1 46 0.000000 
40 1 45 1.000000 
120 1 45 1.000000 
40 1 44 1.000000 
120 1 44 1.000000 
40 1 43 1.000000 
120 1 43 1.000000 
40 1 42 1.000000 
120 1 42 1.000000 
40 1 41 1.000000 
120 1 41 1.000000 
40 1 40 1.000000 
120 1 40 1.000000 
40 1 39 1.000000 
120 1 39 1.000000 
40 1 38 0.000000 
120 1 38 1.000000 
40 1 37 0.000000 
120 1 37 1.000000 
40 1 36 0.000000 
120 1 36 1.000000 
40 1 35 0.000000 
120 1 35 1.000000 
40 1 34 0.000000 
120 1 34 1.000000 
40 1 33 0.000000 
120 1 33 1.000000 
40 1 32 0.000000 
120 1 32 1.000000 
40 1 31 0.000000 
120 1 31 1.000000 
40 1 30 0.000000 
120 1 30 1.000000 
40 1 29 0.000000 
120 1 29 1.000000 
40 1 28 0.000000 
120 1 28 0.000000 
40 1 27 0.000000 
120 1 27 0.000000 
40 1 26 0.000000 
120 1 26 0.000000 
40 1 25 0.000000 
120 1 25 0.000000 
40 1 24 0.000000 
120 1 24 0.000000 
40 1 23 0.000000 
120 1 23 0.000000 
40 1 22 0.000000 
120 1 22 0.000000 
40 1 21 0.000000 
120 1 21 0.000000 
40 1 20 0.000000 
120 1 20 0.000000 
40 1 19 0.000000 
120 1 19 0.000000 
40 1 18 1.000000 
120 1 18 0.000000 
40 1 17 1.000000 
120 1 17 0.000000 
40 1 16 1.000000 
120 1 16 0.000000 
40 1 15 1.000000 
120 1 15 0.000000 
40 1 14 1.000000 
120 1 14 0.000000 
40 1 13 1.000000 
120 1 13 0.000000 
40 1 12 1.000000 
120 1 12 0.000000 
40 1 11 1.000000 
120 1 11 0.000000 
40 1 10 1.000000 
120 1 10 0.000000 
40 1 9 1.000000 
120 1 9 0.000000 
40 1 8 1.000000 
120 1 8 0.000000 
40 1 7 1.000000 
120 1 7 0.000000 
40 1 6 1.000000 
120 1 6 0.000000 
40 1 5 1.000000 
120 1 5 0.000000 
40 1 4 1.000000 
120 1 4 0.000000 
40 1 3 1.000000 
120 1 3 0.000000 
40 1 2 1.000000 
120 1 2 0.000000 
40 1 1 1.000000 
120 1 1 0.000000 
